Precision: 0.610901793759
Recall: 0.816698603887
F1 Score: 0.698966801771
